200.317383	0.010	-90.3867
201.768967	0.010	-90.8220
203.231064	0.010	-91.2909
204.703766	0.010	-91.7935
206.187134	0.010	-92.3296
207.681244	0.010	-92.8986
209.186188	0.010	-93.4997
210.702042	0.010	-94.1319
212.228882	0.010	-94.7941
213.766785	0.010	-95.4848
215.315826	0.010	-96.2026
216.876099	0.010	-96.9460
218.447678	0.010	-97.7135
220.030640	0.010	-98.5036
221.625076	0.010	-99.3148
223.231064	0.010	-100.1457
224.848694	0.010	-100.9949
226.478043	0.010	-101.8613
228.119202	0.010	-102.7437
229.772247	0.010	-103.6413
231.437271	0.010	-104.5530
233.114365	0.010	-105.4784
234.803604	0.010	-106.4167
236.505081	0.010	-107.3676
238.218887	0.010	-108.3306
239.945114	0.010	-109.3055
241.683853	0.010	-110.2919
243.435196	0.010	-111.2899
245.199234	0.010	-112.2991
246.976044	0.010	-113.3195
248.765732	0.010	-114.3512
250.568390	0.010	-115.3941
252.384109	0.010	-116.4485
254.212982	0.010	-117.5147
256.055115	0.010	-118.5931
257.910583	0.010	-119.6841
259.779510	0.010	-120.7885
261.661987	0.010	-121.9070
263.558105	0.010	-123.0403
265.467957	0.010	-124.1892
267.391632	0.010	-125.3545
269.329254	0.010	-126.5371
271.280914	0.010	-127.7375
273.246735	0.010	-128.9564
275.226807	0.010	-130.1942
277.221222	0.010	-131.4515
279.230072	0.010	-132.7282
281.253479	0.010	-134.0247
283.291565	0.010	-135.3410
285.344421	0.010	-136.6768
287.412140	0.010	-138.0318
289.494843	0.010	-139.4059
291.592651	0.010	-140.7982
293.705658	0.010	-142.2081
295.833984	0.010	-143.6348
297.977722	0.010	-145.0769
300.136993	0.010	-146.5334
302.311920	0.010	-148.0026
304.502594	0.010	-149.4830
306.709137	0.010	-150.9728
308.931671	0.010	-152.4702
311.170319	0.010	-153.9734
313.425201	0.010	-155.4806
315.696411	0.010	-156.9903
317.984070	0.010	-158.5010
320.288300	0.010	-160.0116
322.609253	0.010	-161.5211
324.947021	0.010	-163.0289
327.301727	0.010	-164.5346
329.673492	0.010	-166.0380
332.062439	0.010	-167.5393
334.468689	0.010	-169.0385
336.892395	0.010	-170.5360
339.333649	0.010	-172.0323
341.792603	0.010	-173.5278
344.269379	0.010	-175.0231
346.764099	0.010	-176.5187
349.276886	0.010	-178.0151
351.807892	0.010	-179.5130
354.357239	0.010	178.9869
356.925049	0.010	177.4841
359.511475	0.010	175.9779
362.116638	0.010	174.4679
364.740692	0.010	172.9536
367.383759	0.010	171.4348
370.045959	0.010	169.9114
372.727478	0.010	168.3834
375.428406	0.010	166.8509
378.148926	0.010	165.3143
380.889160	0.010	163.7737
383.649231	0.010	162.2296
386.429321	0.010	160.6822
389.229553	0.010	159.1318
392.050079	0.010	157.5788
394.891022	0.010	156.0234
397.752563	0.010	154.4659
400.634857	0.010	152.9064
403.538025	0.010	151.3453
406.462219	0.010	149.7829
409.407623	0.010	148.2194
412.374359	0.010	146.6552
415.362579	0.010	145.0906
418.372467	0.010	143.5261
421.404175	0.010	141.9622
424.457855	0.010	140.3992
427.533661	0.010	138.8378
430.631744	0.010	137.2786
433.752289	0.010	135.7220
436.895447	0.010	134.1689
440.061371	0.010	132.6198
443.250244	0.010	131.0755
446.462219	0.010	129.5366
449.697479	0.010	128.0037
452.956177	0.010	126.4774
456.238495	0.010	124.9584
459.544586	0.010	123.4471
462.874634	0.010	121.9440
466.228821	0.010	120.4492
469.607300	0.010	118.9634
473.010254	0.010	117.4866
476.437866	0.010	116.0191
479.890320	0.010	114.5611
483.367798	0.010	113.1127
486.870483	0.010	111.6741
490.398560	0.010	110.2452
493.952179	0.010	108.8263
497.531555	0.010	107.4172
501.136871	0.010	106.0180
504.768311	0.010	104.6288
508.426056	0.010	103.2493
512.110291	0.010	101.8796
515.821228	0.010	100.5197
519.559082	0.010	99.1696
523.324036	0.010	97.8291
527.116272	0.010	96.4985
530.935974	0.010	95.1777
534.783325	0.010	93.8667
538.658569	0.010	92.5656
542.561890	0.010	91.2746
546.493530	0.010	89.9934
550.453674	0.010	88.7223
554.442505	0.010	87.4610
558.460205	0.010	86.2095
562.507019	0.010	84.9676
566.583191	0.010	83.7350
570.688904	0.010	82.5116
574.824341	0.010	81.2971
578.989746	0.010	80.0911
583.185364	0.010	78.8934
587.411377	0.010	77.7039
591.668030	0.010	76.5223
595.955505	0.010	75.3485
600.274048	0.010	74.1825
604.623901	0.010	73.0241
609.005249	0.010	71.8733
613.418335	0.010	70.7301
617.863403	0.010	69.5945
622.340698	0.010	68.4663
626.850464	0.010	67.3456
631.392883	0.010	66.2321
635.968201	0.010	65.1261
640.576660	0.010	64.0273
645.218567	0.010	62.9357
649.894104	0.010	61.8514
654.603516	0.010	60.7742
659.347046	0.010	59.7041
664.124939	0.010	58.6411
668.937439	0.010	57.5851
673.784851	0.010	56.5360
678.667358	0.010	55.4939
683.585266	0.010	54.4587
688.538818	0.010	53.4305
693.528259	0.010	52.4091
698.553833	0.010	51.3950
703.615845	0.010	50.3880
708.714539	0.010	49.3886
713.850159	0.010	48.3970
719.023010	0.010	47.4134
724.233337	0.010	46.4380
729.481445	0.010	45.4712
734.767578	0.010	44.5132
740.091980	0.010	43.5641
745.455017	0.010	42.6238
750.856873	0.010	41.6924
756.297913	0.010	40.7697
761.778381	0.010	39.8555
767.298523	0.010	38.9493
772.858704	0.010	38.0506
778.459167	0.010	37.1591
784.100220	0.010	36.2741
789.782104	0.010	35.3951
795.505188	0.010	34.5218
801.269775	0.010	33.6536
807.076111	0.010	32.7901
812.924500	0.010	31.9310
818.815308	0.010	31.0761
824.748779	0.010	30.2251
830.725220	0.010	29.3779
836.744995	0.010	28.5341
842.808411	0.010	27.6937
848.915771	0.010	26.8566
855.067383	0.010	26.0226
861.263550	0.010	25.1918
867.504639	0.010	24.3640
873.790955	0.010	23.5394
880.122803	0.010	22.7183
886.500549	0.010	21.9004
892.924500	0.010	21.0861
899.395020	0.010	20.2753
905.912415	0.010	19.4680
912.477051	0.010	18.6643
919.089233	0.010	17.8641
925.749329	0.010	17.0674
932.457703	0.010	16.2740
939.214661	0.010	15.4839
946.020569	0.010	14.6967
952.875793	0.010	13.9124
959.780701	0.010	13.1307
966.735657	0.010	12.3516
973.741028	0.010	11.5746
980.797180	0.010	10.7996
987.904419	0.010	10.0265
995.063171	0.010	9.2550
1002.273804	0.010	8.4852
1009.536682	0.010	7.7172
1016.852173	0.010	6.9507
1024.220703	0.010	6.1860
1031.642578	0.010	5.4233
1039.118286	0.010	4.6628
1046.648193	0.010	3.9044
1054.232666	0.010	3.1484
1061.872070	0.010	2.3948
1069.566772	0.010	1.6435
1077.317261	0.010	0.8944
1085.123901	0.010	0.1472
1092.987183	0.010	-0.5980
1100.907471	0.010	-1.3417
1108.885132	0.010	-2.0840
1116.920532	0.010	-2.8250
1125.014160	0.010	-3.5650
1133.166504	0.010	-4.3041
1141.377930	0.010	-5.0425
1149.648804	0.010	-5.7803
1157.979614	0.010	-6.5179
1166.370850	0.010	-7.2554
1174.822876	0.010	-7.9929
1183.336182	0.010	-8.7308
1191.911133	0.010	-9.4694
1200.548218	0.010	-10.2086
1209.247925	0.010	-10.9487
1218.010620	0.010	-11.6898
1226.836792	0.010	-12.4322
1235.726929	0.010	-13.1757
1244.681519	0.010	-13.9203
1253.701050	0.010	-14.6661
1262.785889	0.010	-15.4127
1271.936523	0.010	-16.1600
1281.153442	0.010	-16.9078
1290.437256	0.010	-17.6559
1299.788330	0.010	-18.4039
1309.207153	0.010	-19.1519
1318.694214	0.010	-19.8994
1328.250000	0.010	-20.6466
1337.875000	0.010	-21.3933
1347.569824	0.010	-22.1399
1357.334839	0.010	-22.8863
1367.170654	0.010	-23.6329
1377.077759	0.010	-24.3801
1387.056641	0.010	-25.1283
1397.107788	0.010	-25.8781
1407.231812	0.010	-26.6298
1417.429199	0.010	-27.3842
1427.700439	0.010	-28.1417
1438.046143	0.010	-28.9030
1448.466797	0.010	-29.6683
1458.963013	0.010	-30.4381
1469.535278	0.010	-31.2125
1480.184082	0.010	-31.9915
1490.910156	0.010	-32.7749
1501.713867	0.010	-33.5626
1512.595947	0.010	-34.3543
1523.556885	0.010	-35.1497
1534.597168	0.010	-35.9483
1545.717529	0.010	-36.7500
1556.918457	0.010	-37.5546
1568.200562	0.010	-38.3619
1579.564331	0.010	-39.1719
1591.010498	0.010	-39.9845
1602.539673	0.010	-40.7997
1614.152344	0.010	-41.6176
1625.849121	0.010	-42.4382
1637.630737	0.010	-43.2617
1649.497681	0.010	-44.0881
1661.450562	0.010	-44.9176
1673.490112	0.010	-45.7504
1685.616943	0.010	-46.5865
1697.831665	0.010	-47.4261
1710.134888	0.010	-48.2694
1722.527222	0.010	-49.1165
1735.009399	0.010	-49.9673
1747.582031	0.010	-50.8220
1760.245728	0.010	-51.6807
1773.001221	0.010	-52.5433
1785.849121	0.010	-53.4099
1798.790161	0.010	-54.2805
1811.824951	0.010	-55.1550
1824.954224	0.010	-56.0337
1838.178589	0.010	-56.9164
1851.498779	0.010	-57.8031
1864.915527	0.010	-58.6940
1878.429443	0.010	-59.5891
1892.041260	0.010	-60.4884
1905.751831	0.010	-61.3921
1919.561646	0.010	-62.3005
1933.471558	0.010	-63.2137
1947.482300	0.010	-64.1322
1961.594604	0.010	-65.0563
1975.809082	0.010	-65.9868
1990.126587	0.010	-66.9238
2004.547852	0.010	-67.8682
2019.073608	0.010	-68.8201
2033.704590	0.010	-69.7798
2048.441650	0.010	-70.7476
2063.285400	0.010	-71.7230
2078.236816	0.010	-72.7059
2093.296631	0.010	-73.6959
2108.465576	0.010	-74.6924
2123.744385	0.010	-75.6948
2139.134033	0.010	-76.7028
2154.635010	0.010	-77.7158
2170.248291	0.010	-78.7338
2185.974854	0.010	-79.7566
2201.815430	0.010	-80.7843
2217.770752	0.010	-81.8173
2233.841553	0.010	-82.8558
2250.028809	0.010	-83.9003
2266.333496	0.010	-84.9512
2282.756348	0.010	-86.0090
2299.298096	0.010	-87.0740
2315.959717	0.010	-88.1465
2332.742188	0.010	-89.2267
2349.646240	0.010	-90.3148
2366.672852	0.010	-91.4106
2383.822754	0.010	-92.5142
2401.096924	0.010	-93.6254
2418.496338	0.010	-94.7438
2436.021729	0.010	-95.8693
2453.674072	0.010	-97.0015
2471.454346	0.010	-98.1405
2489.363525	0.010	-99.2860
2507.402588	0.010	-100.4382
2525.572266	0.010	-101.5969
2543.873535	0.010	-102.7625
2562.307373	0.010	-103.9349
2580.875000	0.010	-105.1146
2599.577148	0.010	-106.3016
2618.414795	0.010	-107.4962
2637.388916	0.010	-108.6985
2656.500488	0.010	-109.9084
2675.750488	0.010	-111.1261
2695.140137	0.010	-112.3516
2714.670166	0.010	-113.5845
2734.341797	0.010	-114.8249
2754.156006	0.010	-116.0724
2774.113770	0.010	-117.3269
2794.216064	0.010	-118.5880
2814.464111	0.010	-119.8555
2834.858887	0.010	-121.1290
2855.401367	0.010	-122.4083
2876.092773	0.010	-123.6932
2896.934082	0.010	-124.9834
2917.926514	0.010	-126.2787
2939.071045	0.010	-127.5791
2960.368652	0.010	-128.8845
2981.820801	0.010	-130.1951
3003.428223	0.010	-131.5107
3025.192383	0.010	-132.8317
3047.114258	0.010	-134.1580
3069.194824	0.010	-135.4898
3091.435547	0.010	-136.8272
3113.837402	0.010	-138.1703
3136.401611	0.010	-139.5189
3159.129150	0.010	-140.8730
3182.021484	0.010	-142.2324
3205.079834	0.010	-143.5972
3228.305176	0.010	-144.9670
3251.698730	0.010	-146.3417
3275.261963	0.010	-147.7214
3298.995850	0.010	-149.1057
3322.901855	0.010	-150.4948
3346.980957	0.010	-151.8882
3371.234619	0.010	-153.2862
3395.664062	0.010	-154.6884
3420.270508	0.010	-156.0947
3445.055176	0.010	-157.5050
3470.019531	0.010	-158.9191
3495.164795	0.010	-160.3370
3520.492188	0.010	-161.7584
3546.003174	0.010	-163.1833
3571.698975	0.010	-164.6115
3597.581055	0.010	-166.0430
3623.650635	0.010	-167.4774
3649.909180	0.010	-168.9148
3676.357910	0.010	-170.3547
3702.998291	0.010	-171.7969
3729.831787	0.010	-173.2411
3756.859619	0.010	-174.6871
3784.083252	0.010	-176.1343
3811.504395	0.010	-177.5825
3839.124023	0.010	-179.0312
3866.943848	0.010	179.5196
3894.965332	0.010	178.0703
3923.189941	0.010	176.6211
3951.618896	0.010	175.1719
3980.253906	0.010	173.7231
4009.096436	0.010	172.2747
4038.147949	0.010	170.8264
4067.409912	0.010	169.3785
4096.884277	0.010	167.9310
4126.571777	0.010	166.4839
4156.474609	0.010	165.0373
4186.594238	0.010	163.5909
4216.932129	0.010	162.1451
4247.489746	0.010	160.6999
4278.269043	0.010	159.2553
4309.270996	0.010	157.8115
4340.497559	0.010	156.3685
4371.950684	0.010	154.9266
4403.631836	0.010	153.4861
4435.542480	0.010	152.0470
4467.684082	0.010	150.6095
4500.058594	0.010	149.1739
4532.667969	0.010	147.7401
4565.513672	0.010	146.3083
4598.597168	0.010	144.8786
4631.920410	0.010	143.4509
4665.485352	0.010	142.0256
4699.293457	0.010	140.6024
4733.346680	0.010	139.1818
4767.646484	0.010	137.7636
4802.194824	0.010	136.3483
4836.993652	0.010	134.9361
4872.044434	0.010	133.5271
4907.349121	0.010	132.1216
4942.909668	0.010	130.7196
4978.728027	0.010	129.3214
5014.806152	0.010	127.9268
5051.145508	0.010	126.5360
5087.748047	0.010	125.1489
5124.615723	0.010	123.7656
5161.750977	0.010	122.3861
5199.155273	0.010	121.0107
5236.830566	0.010	119.6393
5274.778809	0.010	118.2725
5313.001953	0.010	116.9103
5351.501953	0.010	115.5530
5390.281250	0.010	114.2010
5429.341309	0.010	112.8544
5468.684570	0.010	111.5135
5508.312988	0.010	110.1785
5548.228516	0.010	108.8494
5588.433105	0.010	107.5265
5628.929199	0.010	106.2097
5669.718750	0.010	104.8992
5710.803711	0.010	103.5952
5752.186523	0.010	102.2975
5793.869141	0.010	101.0064
5835.854004	0.010	99.7217
5878.143066	0.010	98.4438
5920.738281	0.010	97.1725
5963.642578	0.010	95.9078
6006.857422	0.010	94.6500
6050.385742	0.010	93.3989
6094.229492	0.010	92.1547
6138.390625	0.010	90.9173
6182.872070	0.010	89.6866
6227.675781	0.010	88.4628
6272.804199	0.010	87.2455
6318.259766	0.010	86.0347
6364.044434	0.010	84.8302
6410.161133	0.010	83.6318
6456.611816	0.010	82.4394
6503.398926	0.010	81.2526
6550.525391	0.010	80.0715
6597.993164	0.010	78.8959
6645.805176	0.010	77.7256
6693.963379	0.010	76.5605
6742.470703	0.010	75.4005
6791.329590	0.010	74.2454
6840.542480	0.010	73.0952
6890.111816	0.010	71.9499
6940.040527	0.010	70.8093
6990.331055	0.010	69.6733
7040.985840	0.010	68.5421
7092.007812	0.010	67.4156
7143.399414	0.010	66.2939
7195.163574	0.010	65.1771
7247.302734	0.010	64.0651
7299.819824	0.010	62.9580
7352.717285	0.010	61.8560
7405.998047	0.010	60.7591
7459.665039	0.010	59.6671
7513.720703	0.010	58.5800
7568.168457	0.010	57.4977
7623.010742	0.010	56.4202
7678.250000	0.010	55.3472
7733.889648	0.010	54.2787
7789.932617	0.010	53.2146
7846.381836	0.010	52.1548
7903.239746	0.010	51.0992
7960.509766	0.010	50.0477
8018.194824	0.010	49.0005
8076.297852	0.010	47.9576
8134.822266	0.010	46.9189
8193.770508	0.010	45.8847
8253.145508	0.010	44.8551
8312.951172	0.010	43.8303
8373.190430	0.010	42.8105
8433.866211	0.010	41.7958
8494.981445	0.010	40.7865
8556.540039	0.010	39.7824
8618.543945	0.010	38.7836
8680.997070	0.010	37.7899
8743.903320	0.010	36.8011
8807.265625	0.010	35.8168
8871.086914	0.010	34.8367
8935.370117	0.010	33.8606
9000.119141	0.010	32.8878
9065.337891	0.010	31.9183
9131.029297	0.010	30.9517
9197.196289	0.010	29.9876
9263.842773	0.010	29.0261
9330.972656	0.010	28.0670
9398.588867	0.010	27.1102
9466.695312	0.010	26.1557
9535.294922	0.010	25.2036
9604.391602	0.010	24.2537
9673.989258	0.010	23.3061
9744.090820	0.010	22.3607
9814.700195	0.010	21.4172
9885.821289	0.010	20.4760
9957.458008	0.010	19.5366
10029.614258	0.010	18.5989
10102.292969	0.010	17.6631
10175.498047	0.010	16.7290
10249.234375	0.010	15.7964
10323.504883	0.010	14.8655
10398.313477	0.010	13.9361
10473.664062	0.010	13.0083
10549.560547	0.010	12.0820
10626.006836	0.010	11.1573
10703.006836	0.010	10.2344
10780.565430	0.010	9.3132
10858.685547	0.010	8.3939
10937.372070	0.010	7.4766
11016.628906	0.010	6.5617
11096.459961	0.010	5.6491
11176.869141	0.010	4.7391
11257.861328	0.010	3.8317
11339.440430	0.010	2.9271
11421.610352	0.010	2.0251
11504.375977	0.010	1.1259
11587.741211	0.010	0.2294
11671.710938	0.010	-0.6645
11756.289062	0.010	-1.5555
11841.479492	0.010	-2.4437
11927.288086	0.010	-3.3289
12013.717773	0.010	-4.2110
12100.774414	0.010	-5.0898
12188.461914	0.010	-5.9653
12276.784180	0.010	-6.8371
12365.747070	0.010	-7.7053
12455.354492	0.010	-8.5699
12545.611328	0.010	-9.4306
12636.522461	0.010	-10.2874
12728.091797	0.010	-11.1403
12820.325195	0.010	-11.9893
12913.226562	0.010	-12.8344
13006.800781	0.010	-13.6755
13101.053711	0.010	-14.5126
13195.989258	0.010	-15.3460
13291.613281	0.010	-16.1756
13387.929688	0.010	-17.0016
13484.944336	0.010	-17.8241
13582.662109	0.010	-18.6434
13681.087891	0.010	-19.4597
13780.226562	0.010	-20.2729
13880.083984	0.010	-21.0834
13980.665039	0.010	-21.8911
14081.974609	0.010	-22.6959
14184.018555	0.010	-23.4975
14286.801758	0.010	-24.2956
14390.330078	0.010	-25.0899
14494.608398	0.010	-25.8799
14599.642578	0.010	-26.6653
14705.437500	0.010	-27.4460
14811.999023	0.010	-28.2214
14919.333008	0.010	-28.9918
15027.444336	0.010	-29.7570
15136.339844	0.010	-30.5174
15246.024414	0.010	-31.2731
15356.502930	0.010	-32.0245
15467.782227	0.010	-32.7720
15579.868164	0.010	-33.5157
15692.766602	0.010	-34.2559
15806.482422	0.010	-34.9929
15921.022461	0.010	-35.7264
16036.392578	0.010	-36.4565
16152.598633	0.010	-37.1830
16269.647461	0.010	-37.9057
16387.544922	0.010	-38.6245
16506.294922	0.010	-39.3391
16625.906250	0.010	-40.0494
16746.384766	0.010	-40.7554
16867.736328	0.010	-41.4569
16989.966797	0.010	-42.1537
17113.083984	0.010	-42.8457
17237.091797	0.010	-43.5325
17361.998047	0.010	-44.2141
17487.810547	0.010	-44.8901
17614.535156	0.010	-45.5602
17742.177734	0.010	-46.2245
17870.744141	0.010	-46.8829
18000.242188	0.010	-47.5356
18130.679688	0.010	-48.1830
18262.062500	0.010	-48.8258
18394.396484	0.010	-49.4652
18527.689453	0.010	-50.1030
18661.949219	0.010	-50.7416
18797.181641	0.010	-51.3843
18933.394531	0.010	-52.0358
19070.593750	0.010	-52.7017
19208.787109	0.010	-53.3893
19347.982422	0.010	-54.1073
19488.185547	0.010	-54.8660
19629.404297	0.010	-55.6769
19771.646484	0.010	-56.5527
19914.919922	0.010	-57.5064
20059.232422	0.010	-58.5507
20204.589844	0.010	-59.6967
20351.000000	0.010	-60.9531
20498.472656	0.010	-62.3248
20647.013672	0.010	-63.8115
20796.630859	0.010	-65.4077
20947.332031	0.010	-67.1021
21099.125000	0.010	-68.8793
21252.017578	0.010	-70.7212
21406.017578	0.010	-72.6100
21561.134766	0.010	-74.5310
21717.375000	0.010	-76.4742
21874.748047	0.010	-78.4340
22033.261719	0.000	-80.4084
